{"uid":"@TREE--9b62e0-191-1156727-2","object_type":"SceneTree","local_repository":null,"extra":{"folder":"gerard/scenes","filename":"omar.scene.json","fullpath":"gerard/scenes/omar.scene.json","viewport_layout":{"cameras":[{"uid":"@CAM-9b62e0-27f-14a1c26-9","layers":3,"enabled":true,"type":1,"eye":[557.5206298828125,224.05630493164062,431.3215637207031],"center":[-1.5698356628417969,157.05654907226562,13.067667007446289],"up":[0,1,0],"near":0.1,"far":10000,"fov":45,"aspect":1,"background_color":[0.2800000011920929,0.2800000011920929,0.2800000011920929,1],"frustum_size":50,"viewport":[0,0,1,1],"render_to_texture":false,"frame":null,"show_frame":true}]},"publish_name":"gerard/scenes/omar2","editor":{"selected_node":"@NODE--9b62e0-13f873-19217e4-17a"}},"root":{"name":"root","uid":"@NODE--9b62e0-118760-1fdf341-ab","layers":3,"flags":{"visible":true,"is_static":false,"selectable":true,"two_sided":false,"flip_normals":false,"cast_shadows":true,"receive_shadows":true,"ignore_lights":false,"depth_test":true,"depth_write":true,"alpha_test":false,"alpha_shadows":false},"extra":{},"children":[{"name":"agentController","uid":"@NODE--9b62e0-13f873-19217e4-17a","layers":3,"flags":{"visible":true,"is_static":false,"selectable":true,"two_sided":false,"flip_normals":false,"cast_shadows":true,"receive_shadows":true,"ignore_lights":false,"depth_test":true,"depth_write":true,"alpha_test":false,"alpha_shadows":false},"extra":{},"components":[["Transform",{"uid":"@COMP--9b62e0-13f874-196b937-17b","position":[0,0,0],"rotation":[0,0,0,1],"scaling":[1,1,1],"matrix":[1,0,0,0,0,1,0,0,0,0,1,0,0,0,0,1]}],["ScriptFromFile",{"uid":"@COMP-983ffe-53a21-1956abf-275","enabled":true,"filename":"gerard/scripts/websocket.js","properties":{"hostname":"webglstudio.org","port":8080},"editor":{"collapsed":false}}],["Script",{"uid":"@COMP--645a60-1ae2c8-18c7db8-45a","enabled":false,"code":"//@Agent controller\n// Globals\nif (!LS.Globals)\n  LS.Globals = {};\n  \n\n\n\nthis.onStart = function(){\n  \n  if (window.BMLPlanner !== undefined)\n  \tLS.Globals.BMLPlanner = new BMLPlanner();\n  else\n    console.log(\"BML Planner not included\");\n  if (window.BMLTimeManager !== undefined)\n  \tLS.Globals.BMLManager = new BMLTimeManager();\n  else\n    console.log(\"BML Manager not included\");\n\n  LS.Globals.ws = {};\n  LS.Globals.ws.send = function(e){console.log(\"WS should send \", e)};\n   \n}\n\n\nthis.onUpdate = function(dt)\n{\n  var newBlock = null;\n  if (LS.Globals.BMLPlanner)\n \t  newBlock = LS.Globals.BMLPlanner.update(dt);\n  \n  if (LS.Globals.BMLManager)\n  \tLS.Globals.BMLManager.update(LS.Globals.processBML, LS.GlobalScene.time);\n  \n  if (newBlock !== null){\n    //console.log(newBlock);\n    LS.Globals.BMLManager.newBlock(newBlock, LS.GlobalScene.time);\n  }\n\t//node.scene.refresh();\n}\n\n\nLS.Globals.changeVolume = function(vol){\n  var thatFacial = LS.Globals.Facial;\n  if (thatFacial)\n    if (thatFacial._audio)\n      thatFacial._audio.volume = vol;\n}\n\n// Process message\nLS.Globals.processMsg = function(msg, fromWS){\n  \n  msg = JSON.parse(msg);\n  if (fromWS)\n  \tmsg.fromWS = fromWS;\n  console.log(\"Processing message: \", msg);\n  \n  // Input msg KRISTINA\n  LS.Globals.inputMSG = msg;\n  if (typeof LS.Globals.msgCallback == \"function\"){\n  \tLS.Globals.msgCallback(msg);\n  }\n  \n  \n  // Client id -> should be characterId?\n  if (msg.clientId !== undefined && !LS.Globals.ws.id){\n    LS.Globals.ws.id = msg.clientId;\n    \n    console.log(\"Client ID: \", msg.clientId);\n    LS.infoText = \"Client ID: \" + msg.clientId;\n    \n    return;\n  }\n\n  // Process block\n  // Create new bml if necessary\n  //LS.Globals.ws.send(\"100:true\");\n\n  if (LS.Globals.BMLPlanner)\n  \tLS.Globals.BMLPlanner.newBlock(msg);\n  // Update to remove aborted blocks\n  if (!LS.Globals.BMLManager)\n    return;\n  LS.Globals.BMLManager.update(LS.Globals.processBML, LS.GlobalScene.time);\n \n  // Add new block to stack\n  LS.Globals.BMLManager.newBlock(msg, LS.GlobalScene.time);\n  \n}\n\n\n// Process message\nLS.Globals.processBML = function(key, bml){\n  //console.log(\"PROCESS BML\\n\", key, JSON.stringify(bml));\n  if(!LS.Globals.Facial)\n    return;\n  \n  var thatFacial = LS.Globals.Facial;\n  \n  switch (key){\n    case \"blink\":\n      thatFacial._blinking = true;\n      thatFacial.newBlink(bml);\n      break;\n    case \"gaze\":\n      thatFacial.newGaze(bml, false);\n      break;\n    case \"gazeShift\":\n      thatFacial.newGaze(bml, true);\n      break;\n    case \"head\":\n      thatFacial.newHeadBML(bml);\n      break;\n    case \"headDirectionShift\":\n      bml.influence = \"HEAD\";\n      thatFacial.newGaze(bml, true, null, true);\n      break;\n    case \"face\":\n      thatFacial.newFA(bml, false);\n      break;\n    case \"faceShift\":\n      thatFacial.newFA(bml, true);\n      break;\n    case \"speech\":\n      thatFacial.newSpeech(bml);\n      break;\n    case \"gesture\":\n      break;\n    case \"pointing\":\n      break;\n    case \"lg\":\n      thatFacial._visSeq.sequence = bml.sequence;\n  \t\tthatFacial._audio.src = bml.audioURL; // When audio loads it plays\n      break;\n  }\n}\n\n\n\n/*\n// How to send POST messages through webglstudio.org:8080\nvar msg = {\n    \"type\": \"idle\",\n    \"uuid\": 100,\n    \"meta\": {\n        \"user\": \"Anna\",\n        \"avatar\": \"KRISTINA\",\n        \"scenario\": \"babycare\",\n        \"language\": \"pl\"\n    },\n    \"data\": {\n        \"blink\": {\n          \"start\": 0,\n          \"end\": 0.5\n        },\n        \"composite\": \"APPEND\"\n    }\n}\n\n\nreq = new XMLHttpRequest();\nreq.open('POST', 'https://webglstudio.org:8080/idle', true);\nreq.setRequestHeader(\"Content-type\", \"application/json;charset=UTF-8\");\nreq.send(JSON.stringify(msg));\n\nreq.onreadystatechange = function () { //Call a function when the state changes.\n    if (req.readyState == 4 && req.status == 200) {\n        console.log(req.responseText);\n    }\n}\n\n\n\n\n*/","properties":{}}],["ScriptFromFile",{"uid":"@COMP-fa96a1-9275-1076b5b-143","enabled":true,"filename":"gerard/scripts/GUIBMLRealizer.js","properties":{}}],["ScriptFromFile",{"uid":"@COMP-983ffe-60ba0-159ae0e-b3","enabled":true,"filename":"gerard/scripts/GUIBMLPlanner.js","properties":{}}],["ScriptFromFile",{"uid":"@COMP--20f801-204160-1576297-abb","enabled":true,"filename":"gerard/scripts/agentController.js","properties":{}}]]},{"name":"omar.dae","uid":"@NODE--645a60-1cf40-117088c-1d","layers":3,"flags":{"visible":true,"is_static":false,"selectable":true,"two_sided":false,"flip_normals":false,"cast_shadows":true,"receive_shadows":true,"ignore_lights":false,"depth_test":true,"depth_write":true,"alpha_test":false,"alpha_shadows":false},"extra":{},"children":[{"name":"omar","uid":"@omar::omar","layers":3,"node_type":"NODE","flags":{"visible":true,"is_static":false,"selectable":true,"two_sided":false,"flip_normals":false,"cast_shadows":true,"receive_shadows":true,"ignore_lights":false,"depth_test":true,"depth_write":true,"alpha_test":false,"alpha_shadows":false},"extra":{},"children":[{"name":"hips","uid":"@omar::hips","layers":3,"node_type":"JOINT","flags":{"visible":true,"is_static":false,"selectable":true,"two_sided":false,"flip_normals":false,"cast_shadows":true,"receive_shadows":true,"ignore_lights":false,"depth_test":true,"depth_write":true,"alpha_test":false,"alpha_shadows":false},"extra":{},"children":[{"name":"thigh.L","uid":"@omar::thigh_L","layers":3,"node_type":"JOINT","flags":{"visible":true,"is_static":false,"selectable":true,"two_sided":false,"flip_normals":false,"cast_shadows":true,"receive_shadows":true,"ignore_lights":false,"depth_test":true,"depth_write":true,"alpha_test":false,"alpha_shadows":false},"extra":{},"children":[{"name":"shin.L","uid":"@omar::shin_L","layers":3,"node_type":"JOINT","flags":{"visible":true,"is_static":false,"selectable":true,"two_sided":false,"flip_normals":false,"cast_shadows":true,"receive_shadows":true,"ignore_lights":false,"depth_test":true,"depth_write":true,"alpha_test":false,"alpha_shadows":false},"extra":{},"children":[{"name":"foot.L","uid":"@omar::foot_L","layers":3,"node_type":"JOINT","flags":{"visible":true,"is_static":false,"selectable":true,"two_sided":false,"flip_normals":false,"cast_shadows":true,"receive_shadows":true,"ignore_lights":false,"depth_test":true,"depth_write":true,"alpha_test":false,"alpha_shadows":false},"extra":{},"children":[{"name":"toe.L","uid":"@omar::toe_L","layers":3,"node_type":"JOINT","flags":{"visible":true,"is_static":false,"selectable":true,"two_sided":false,"flip_normals":false,"cast_shadows":true,"receive_shadows":true,"ignore_lights":false,"depth_test":true,"depth_write":true,"alpha_test":false,"alpha_shadows":false},"extra":{},"components":[["Transform",{"uid":"@COMP--645a60-2c27-19679d0-19","position":[1.4901200273698123e-8,0.14388640224933624,3.725290076417309e-9],"rotation":[-0.23059514164924622,-0.00019232032354921103,0.00004672902650781907,0.9730497598648071],"scaling":[0.9999999403953552,1,1.0000001192092896],"matrix":[0.9999998807907104,0.00017963557911571115,0.0003527234948705882,0,-0.0000022430715489463182,0.8936517834663391,-0.44876110553741455,0,-0.0003958255110774189,0.44876113533973694,0.8936517834663391,0,1.4901200273698123e-8,0.14388640224933624,3.725290076417309e-9,1]}]]}],"components":[["Transform",{"uid":"@COMP--645a60-2c27-1edd534-17","position":[1.4901200273698123e-8,0.4430333077907562,3.725290076417309e-9],"rotation":[-0.5368347764015198,-0.06692104786634445,-0.017113370820879936,0.8408550024032593],"scaling":[1,0.9999999403953552,1],"matrix":[0.9904574155807495,0.04307136312127113,0.13091589510440826,0,0.10063081234693527,0.4230310916900635,-0.9005098938941956,0,-0.09416768699884415,0.9050909280776978,0.4146600067615509,0,1.4901200273698123e-8,0.4430333077907562,3.725290076417309e-9,1]}]]}],"components":[["Transform",{"uid":"@COMP--645a60-2c27-1fb2c4d-15","position":[0,0.42744338512420654,-3.725290076417309e-9],"rotation":[0.05320540815591812,0.0000013400930356510798,-0.000001339276991529914,0.9985836148262024],"scaling":[0.9999998807907104,0.9999998807907104,1.0000001192092896],"matrix":[0.9999998807907104,-0.000002532159442125703,-0.0000028189031127112685,0,0.000002817360382323386,0.9943382740020752,0.10626008361577988,0,0.0000025338765681226505,-0.10626011341810226,0.9943385124206543,0,0,0.42744338512420654,-3.725290076417309e-9,1]}]]}],"components":[["Transform",{"uid":"@COMP--645a60-2c26-108a21c-13","position":[0.10894300043582916,-0.007305920124053955,-0.011973800137639046],"rotation":[0.9952704310417175,0.04580502212047577,0.07525616884231567,-0.040928564965724945],"scaling":[1.0000038146972656,1,1.000002384185791],"matrix":[0.9844805598258972,0.08501683920621872,0.15355053544044495,0,0.0973370224237442,-0.9924534559249878,-0.0745757594704628,0,0.1460513472557068,0.08836440742015839,-0.9853249788284302,0,0.10894300043582916,-0.007305920124053955,-0.011973800137639046,1]}]]},{"name":"thigh.R","uid":"@omar::thigh_R","layers":3,"node_type":"JOINT","flags":{"visible":true,"is_static":false,"selectable":true,"two_sided":false,"flip_normals":false,"cast_shadows":true,"receive_shadows":true,"ignore_lights":false,"depth_test":true,"depth_write":true,"alpha_test":false,"alpha_shadows":false},"extra":{},"children":[{"name":"shin.R","uid":"@omar::shin_R","layers":3,"node_type":"JOINT","flags":{"visible":true,"is_static":false,"selectable":true,"two_sided":false,"flip_normals":false,"cast_shadows":true,"receive_shadows":true,"ignore_lights":false,"depth_test":true,"depth_write":true,"alpha_test":false,"alpha_shadows":false},"extra":{},"children":[{"name":"foot.R","uid":"@omar::foot_R","layers":3,"node_type":"JOINT","flags":{"visible":true,"is_static":false,"selectable":true,"two_sided":false,"flip_normals":false,"cast_shadows":true,"receive_shadows":true,"ignore_lights":false,"depth_test":true,"depth_write":true,"alpha_test":false,"alpha_shadows":false},"extra":{},"children":[{"name":"toe.R","uid":"@omar::toe_R","layers":3,"node_type":"JOINT","flags":{"visible":true,"is_static":false,"selectable":true,"two_sided":false,"flip_normals":false,"cast_shadows":true,"receive_shadows":true,"ignore_lights":false,"depth_test":true,"depth_write":true,"alpha_test":false,"alpha_shadows":false},"extra":{},"components":[["Transform",{"uid":"@COMP--645a60-2c28-169637a-21","position":[-1.4901200273698123e-8,0.14388640224933624,3.725290076417309e-9],"rotation":[-0.23059514164924622,0.00019232032354921103,-0.00004672902650781907,0.9730497598648071],"scaling":[0.9999999403953552,1,1.0000001192092896],"matrix":[0.9999998807907104,-0.00017963557911571115,-0.0003527234948705882,0,0.0000022430715489463182,0.8936517834663391,-0.44876110553741455,0,0.0003958255110774189,0.44876113533973694,0.8936517834663391,0,-1.4901200273698123e-8,0.14388640224933624,3.725290076417309e-9,1]}]]}],"components":[["Transform",{"uid":"@COMP--645a60-2c28-14f819e-1f","position":[-1.4901200273698123e-8,0.4430333077907562,3.725290076417309e-9],"rotation":[-0.5368347764015198,0.06692104786634445,0.017113370820879936,0.8408550024032593],"scaling":[1,0.9999999403953552,1],"matrix":[0.9904574155807495,-0.04307136312127113,-0.13091589510440826,0,-0.10063081234693527,0.4230310916900635,-0.9005098938941956,0,0.09416768699884415,0.9050909280776978,0.4146600067615509,0,-1.4901200273698123e-8,0.4430333077907562,3.725290076417309e-9,1]}]]}],"components":[["Transform",{"uid":"@COMP--645a60-2c28-1863c4e-1d","position":[0,0.42744338512420654,-3.725290076417309e-9],"rotation":[0.05320540815591812,-0.0000013400930356510798,0.000001339276991529914,0.9985836148262024],"scaling":[0.9999998807907104,0.9999998807907104,1.0000001192092896],"matrix":[0.9999998807907104,0.000002532159442125703,0.0000028189031127112685,0,-0.000002817360382323386,0.9943382740020752,0.10626008361577988,0,-0.0000025338765681226505,-0.10626011341810226,0.9943385124206543,0,0,0.42744338512420654,-3.725290076417309e-9,1]}]]}],"components":[["Transform",{"uid":"@COMP--645a60-2c28-1bb8c46-1b","position":[-0.10894300043582916,-0.007305920124053955,-0.011973800137639046],"rotation":[0.9952704310417175,-0.04580502212047577,-0.07525616884231567,-0.040928564965724945],"scaling":[1.0000038146972656,1,1.000002384185791],"matrix":[0.9844805598258972,-0.08501683920621872,-0.15355053544044495,0,-0.0973370224237442,-0.9924534559249878,-0.0745757594704628,0,-0.1460513472557068,0.08836440742015839,-0.9853249788284302,0,-0.10894300043582916,-0.007305920124053955,-0.011973800137639046,1]}]]},{"name":"spine","uid":"@omar::spine","layers":3,"node_type":"JOINT","flags":{"visible":true,"is_static":false,"selectable":true,"two_sided":false,"flip_normals":false,"cast_shadows":true,"receive_shadows":true,"ignore_lights":false,"depth_test":true,"depth_write":true,"alpha_test":false,"alpha_shadows":false},"extra":{},"children":[{"name":"chest","uid":"@omar::chest","layers":3,"node_type":"JOINT","flags":{"visible":true,"is_static":false,"selectable":true,"two_sided":false,"flip_normals":false,"cast_shadows":true,"receive_shadows":true,"ignore_lights":false,"depth_test":true,"depth_write":true,"alpha_test":false,"alpha_shadows":false},"extra":{},"children":[{"name":"clavicle.R","uid":"@omar::clavicle_R","layers":3,"node_type":"JOINT","flags":{"visible":true,"is_static":false,"selectable":true,"two_sided":false,"flip_normals":false,"cast_shadows":true,"receive_shadows":true,"ignore_lights":false,"depth_test":true,"depth_write":true,"alpha_test":false,"alpha_shadows":false},"extra":{},"children":[{"name":"upper_arm.R","uid":"@omar::upper_arm_R","layers":3,"node_type":"JOINT","flags":{"visible":true,"is_static":false,"selectable":true,"two_sided":false,"flip_normals":false,"cast_shadows":true,"receive_shadows":true,"ignore_lights":false,"depth_test":true,"depth_write":true,"alpha_test":false,"alpha_shadows":false},"extra":{},"children":[{"name":"forearm.R","uid":"@omar::forearm_R","layers":3,"node_type":"JOINT","flags":{"visible":true,"is_static":false,"selectable":true,"two_sided":false,"flip_normals":false,"cast_shadows":true,"receive_shadows":true,"ignore_lights":false,"depth_test":true,"depth_write":true,"alpha_test":false,"alpha_shadows":false},"extra":{},"children":[{"name":"hand.R","uid":"@omar::hand_R","layers":3,"node_type":"JOINT","flags":{"visible":true,"is_static":false,"selectable":true,"two_sided":false,"flip_normals":false,"cast_shadows":true,"receive_shadows":true,"ignore_lights":false,"depth_test":true,"depth_write":true,"alpha_test":false,"alpha_shadows":false},"extra":{},"children":[{"name":"thumb.02.R","uid":"@omar::thumb_02_R","layers":3,"node_type":"JOINT","flags":{"visible":true,"is_static":false,"selectable":true,"two_sided":false,"flip_normals":false,"cast_shadows":true,"receive_shadows":true,"ignore_lights":false,"depth_test":true,"depth_write":true,"alpha_test":false,"alpha_shadows":false},"extra":{},"children":[{"name":"thumb.03.R","uid":"@omar::thumb_03_R","layers":3,"node_type":"JOINT","flags":{"visible":true,"is_static":false,"selectable":true,"two_sided":false,"flip_normals":false,"cast_shadows":true,"receive_shadows":true,"ignore_lights":false,"depth_test":true,"depth_write":true,"alpha_test":false,"alpha_shadows":false},"extra":{},"components":[["Transform",{"uid":"@COMP--645a60-2c2b-15f5bfc-31","position":[0,0.04198893904685974,0],"rotation":[0.036221642047166824,0.010190166532993317,-0.003505752421915531,0.9992856979370117],"scaling":[1,1.0000001192092896,1.0000001192092896],"matrix":[0.9997677206993103,-0.006268287543207407,-0.020619744434952736,0,0.007744706701487303,0.9973515272140503,0.07232009619474411,0,0.02011180855333805,-0.07246299088001251,0.9971684217453003,0,0,0.04198893904685974,0,1]}]]}],"components":[["Transform",{"uid":"@COMP--645a60-2c2a-1a27061-2f","position":[0.04297792911529541,0.06168371066451073,0.022635700181126595],"rotation":[0.012505294755101204,-0.6614567637443542,-0.2995408773422241,0.6874546408653259],"scaling":[1.0000001192092896,1.0000001192092896,1.0000001192092896],"matrix":[-0.05449958145618439,-0.42838501930236816,0.9019514918327332,0,0.39529818296432495,0.8202378749847412,0.413460373878479,0,-0.9169348478317261,0.3790730834007263,0.12463714927434921,0,0.04297792911529541,0.06168371066451073,0.022635700181126595,1]}]]},{"name":"f_ring.01.R","uid":"@omar::f_ring_01_R","layers":3,"node_type":"JOINT","flags":{"visible":true,"is_static":false,"selectable":true,"two_sided":false,"flip_normals":false,"cast_shadows":true,"receive_shadows":true,"ignore_lights":false,"depth_test":true,"depth_write":true,"alpha_test":false,"alpha_shadows":false},"extra":{},"components":[["Transform",{"uid":"@COMP--645a60-2c2b-1ca79b8-33","position":[-0.02282310090959072,0.10343880206346512,-0.015780150890350342],"rotation":[-0.028477013111114502,0.02465682663023472,0.15604175627231598,0.9870319366455078],"scaling":[0.9999999403953552,0.9999999403953552,1.0000001192092896],"matrix":[0.9500859379768372,0.30663207173347473,-0.05756135284900665,0,-0.3094406723976135,0.949679970741272,-0.04852044954895973,0,0.03978694975376129,0.06391043961048126,0.9971623420715332,0,-0.02282310090959072,0.10343880206346512,-0.015780150890350342,1]}]]},{"name":"f_index.01.R","uid":"@omar::f_index_01_R","layers":3,"node_type":"JOINT","flags":{"visible":true,"is_static":false,"selectable":true,"two_sided":false,"flip_normals":false,"cast_shadows":true,"receive_shadows":true,"ignore_lights":false,"depth_test":true,"depth_write":true,"alpha_test":false,"alpha_shadows":false},"extra":{},"components":[["Transform",{"uid":"@COMP--645a60-2c2b-13e4814-35","position":[0.027217689901590347,0.113543801009655,-0.008309721946716309],"rotation":[0.026107465848326683,-0.19809144735336304,-0.0638497844338417,0.977753221988678],"scaling":[0.9999998211860657,1,1.0000001192092896],"matrix":[0.9133657813072205,-0.13520196080207825,0.3840351402759552,0,0.11451533436775208,0.9904832243919373,0.07634951174259186,0,-0.39070308208465576,-0.02575712837278843,0.9201564788818359,0,0.027217689901590347,0.113543801009655,-0.008309721946716309,1]}]]}],"components":[["Transform",{"uid":"@COMP--645a60-2c2a-14a3f24-2d","position":[0,0.26892781257629395,5.96045985901128e-8],"rotation":[0.11858135461807251,-0.6715142726898193,0.06647583097219467,0.7284147143363953],"scaling":[1,1.0000001192092896,1],"matrix":[0.08929909020662308,-0.062414199113845825,0.9940473437309265,0,-0.2561021149158478,0.963038980960846,0.08347387611865997,0,-0.962516188621521,-0.2620317339897156,0.070014089345932,0,0,0.26892781257629395,5.96045985901128e-8,1]}]]}],"components":[["Transform",{"uid":"@COMP--645a60-2c2a-195a398-2b","position":[1.1920899822825959e-7,0.25564560294151306,1.4901200273698123e-8],"rotation":[0.39530542492866516,-0.000025610233933548443,0.000006935123110451968,0.9185497164726257],"scaling":[1,1,1],"matrix":[1,-0.0000075072180152346846,0.00005253152994555421,0,-0.000032988238672260195,0.6874672174453735,0.7262153625488281,0,-0.00004156556315138005,-0.7262153625488281,0.6874672174453735,0,1.1920899822825959e-7,0.25564560294151306,1.4901200273698123e-8,1]}]]}],"components":[["Transform",{"uid":"@COMP--645a60-2c29-1f112e1-29","position":[-2.98022992950564e-8,0.17217110097408295,0],"rotation":[-0.20563487708568573,-0.7178241014480591,0.271894246339798,0.6070554852485657],"scaling":[0.9999999403953552,0.9999999403953552,0.9999998807907104],"matrix":[-0.1783958226442337,0.6253290772438049,0.7596961855888367,0,-0.034890443086624146,0.7675755620002747,-0.6400079727172852,0,-0.9833399057388306,-0.14068090915679932,-0.11511427164077759,0,-2.98022992950564e-8,0.17217110097408295,0,1]}]]}],"components":[["Transform",{"uid":"@COMP--645a60-2c29-1e58e50-27","position":[-0.02321201004087925,0.28883931040763855,0.04921722039580345],"rotation":[0.6526606678962708,-0.4626806974411011,-0.41496026515960693,-0.4333227574825287],"scaling":[0.9999998807907104,0.9999997019767761,0.9999998807907104],"matrix":[0.2274690717458725,-0.2443235069513321,-0.9426365494728088,0,-0.9635701179504395,-0.19631588459014893,-0.18163716793060303,0,-0.1406763195991516,0.9496135115623474,-0.2800787091255188,0,-0.02321201004087925,0.28883931040763855,0.04921722039580345,1]}]]},{"name":"clavicle.L","uid":"@omar::clavicle_L","layers":3,"node_type":"JOINT","flags":{"visible":true,"is_static":false,"selectable":true,"two_sided":false,"flip_normals":false,"cast_shadows":true,"receive_shadows":true,"ignore_lights":false,"depth_test":true,"depth_write":true,"alpha_test":false,"alpha_shadows":false},"extra":{},"children":[{"name":"upper_arm.L","uid":"@omar::upper_arm_L","layers":3,"node_type":"JOINT","flags":{"visible":true,"is_static":false,"selectable":true,"two_sided":false,"flip_normals":false,"cast_shadows":true,"receive_shadows":true,"ignore_lights":false,"depth_test":true,"depth_write":true,"alpha_test":false,"alpha_shadows":false},"extra":{},"children":[{"name":"forearm.L","uid":"@omar::forearm_L","layers":3,"node_type":"JOINT","flags":{"visible":true,"is_static":false,"selectable":true,"two_sided":false,"flip_normals":false,"cast_shadows":true,"receive_shadows":true,"ignore_lights":false,"depth_test":true,"depth_write":true,"alpha_test":false,"alpha_shadows":false},"extra":{},"children":[{"name":"hand.L","uid":"@omar::hand_L","layers":3,"node_type":"JOINT","flags":{"visible":true,"is_static":false,"selectable":true,"two_sided":false,"flip_normals":false,"cast_shadows":true,"receive_shadows":true,"ignore_lights":false,"depth_test":true,"depth_write":true,"alpha_test":false,"alpha_shadows":false},"extra":{},"children":[{"name":"thumb.02.L","uid":"@omar::thumb_02_L","layers":3,"node_type":"JOINT","flags":{"visible":true,"is_static":false,"selectable":true,"two_sided":false,"flip_normals":false,"cast_shadows":true,"receive_shadows":true,"ignore_lights":false,"depth_test":true,"depth_write":true,"alpha_test":false,"alpha_shadows":false},"extra":{},"children":[{"name":"thumb.03.L","uid":"@omar::thumb_03_L","layers":3,"node_type":"JOINT","flags":{"visible":true,"is_static":false,"selectable":true,"two_sided":false,"flip_normals":false,"cast_shadows":true,"receive_shadows":true,"ignore_lights":false,"depth_test":true,"depth_write":true,"alpha_test":false,"alpha_shadows":false},"extra":{},"components":[["Transform",{"uid":"@COMP--645a60-2c2c-19db788-41","position":[5.96045985901128e-8,0.041988909244537354,-5.96045985901128e-8],"rotation":[0.03622187301516533,-0.010180122219026089,0.0035032450687140226,0.9992857575416565],"scaling":[0.9999998807907104,1.0000001192092896,0.9999999403953552],"matrix":[0.999768078327179,0.006263998802751303,0.02059948816895485,0,-0.007738973014056683,0.9973515272140503,0.07232068479061127,0,-0.020091911777853966,-0.07246332615613937,0.9971686005592346,0,5.96045985901128e-8,0.041988909244537354,-5.96045985901128e-8,1]}]]}],"components":[["Transform",{"uid":"@COMP--645a60-2c2c-1147af3-3f","position":[-0.04297792911529541,0.06168371066451073,0.02263575978577137],"rotation":[0.012517265044152737,0.6614291667938232,0.2995404601097107,0.6874811053276062],"scaling":[0.9999998807907104,1.0000001192092896,1],"matrix":[-0.054426051676273346,0.42841532826423645,-0.9019411206245422,0,-0.3952983021736145,0.8202377557754517,0.4134604334831238,0,0.9169389605522156,0.37903884053230286,0.12470955401659012,0,-0.04297792911529541,0.06168371066451073,0.02263575978577137,1]}]]},{"name":"f_ring.01.L","uid":"@omar::f_ring_01_L","layers":3,"node_type":"JOINT","flags":{"visible":true,"is_static":false,"selectable":true,"two_sided":false,"flip_normals":false,"cast_shadows":true,"receive_shadows":true,"ignore_lights":false,"depth_test":true,"depth_write":true,"alpha_test":false,"alpha_shadows":false},"extra":{},"components":[["Transform",{"uid":"@COMP--645a60-2c2d-150b333-43","position":[0.02282310090959072,0.10343869775533676,-0.015780089423060417],"rotation":[-0.028477011248469353,-0.024656765162944794,-0.1560417264699936,0.9870319366455078],"scaling":[0.9999998211860657,0.9999998807907104,0.9999998807907104],"matrix":[0.9500858783721924,-0.30663198232650757,0.05756122246384621,0,0.30944061279296875,0.949679970741272,-0.048520464450120926,0,-0.039786823093891144,0.06391040235757828,0.9971621036529541,0,0.02282310090959072,0.10343869775533676,-0.015780089423060417,1]}]]},{"name":"f_index.01.L","uid":"@omar::f_index_01_L","layers":3,"node_type":"JOINT","flags":{"visible":true,"is_static":false,"selectable":true,"two_sided":false,"flip_normals":false,"cast_shadows":true,"receive_shadows":true,"ignore_lights":false,"depth_test":true,"depth_write":true,"alpha_test":false,"alpha_shadows":false},"extra":{},"components":[["Transform",{"uid":"@COMP--645a60-2c2d-10cc8d1-45","position":[-0.027217570692300797,0.113543801009655,-0.008309721946716309],"rotation":[0.026107463985681534,0.1980915665626526,0.0638497844338417,0.977753221988678],"scaling":[0.9999999403953552,1,0.9999998807907104],"matrix":[0.9133658409118652,0.13520199060440063,-0.3840353786945343,0,-0.11451532691717148,0.9904832243919373,0.07634951919317245,0,0.3907032012939453,-0.02575710229575634,0.9201561212539673,0,-0.027217570692300797,0.113543801009655,-0.008309721946716309,1]}]]}],"components":[["Transform",{"uid":"@COMP--645a60-2c2c-19fd65d-3d","position":[0,0.26892781257629395,-5.96045985901128e-8],"rotation":[0.1185813695192337,0.6715142726898193,-0.06647580116987228,0.7284147143363953],"scaling":[1.0000001192092896,1.0000001192092896,1],"matrix":[0.08929910510778427,0.062414269894361496,-0.9940474629402161,0,0.2561020851135254,0.963038980960846,0.08347393572330475,0,0.962516188621521,-0.2620317339897156,0.07001408189535141,0,0,0.26892781257629395,-5.96045985901128e-8,1]}]]}],"components":[["Transform",{"uid":"@COMP--645a60-2c2c-198cb3e-3b","position":[0,0.2556458115577698,0],"rotation":[0.39530542492866516,0.00000160298520768265,0.0000033580543004063657,0.9185497164726257],"scaling":[1,1,1],"matrix":[1,0.000007436417035933118,-2.8992906209168723e-7,0,-0.000004901742158835987,0.6874672174453735,0.7262153625488281,0,0.0000055997575145738665,-0.7262153625488281,0.6874672174453735,0,0,0.2556458115577698,0,1]}]]}],"components":[["Transform",{"uid":"@COMP--645a60-2c2c-1a1f6e8-39","position":[2.98022992950564e-8,0.17217110097408295,0],"rotation":[-0.20562773942947388,0.7178398966789246,-0.27189967036247253,0.6070367693901062],"scaling":[1.0000001192092896,1,1],"matrix":[-0.17844711244106293,-0.6253218650817871,-0.7596902847290039,0,0.03489060327410698,0.7675756216049194,-0.6400080323219299,0,0.9833306670188904,-0.1407136619091034,-0.11515376716852188,0,2.98022992950564e-8,0.17217110097408295,0,1]}]]}],"components":[["Transform",{"uid":"@COMP--645a60-2c2c-1462ed6-37","position":[0.02321201004087925,0.28883931040763855,0.04921722039580345],"rotation":[0.6526606678962708,0.4626806974411011,0.41496026515960693,-0.4333227574825287],"scaling":[0.9999998807907104,0.9999997019767761,0.9999998807907104],"matrix":[0.2274690717458725,0.2443235069513321,0.9426365494728088,0,0.9635701179504395,-0.19631588459014893,-0.18163716793060303,0,0.1406763195991516,0.9496135115623474,-0.2800787091255188,0,0.02321201004087925,0.28883931040763855,0.04921722039580345,1]}]]},{"name":"neck","uid":"@omar::neck","layers":3,"node_type":"JOINT","flags":{"visible":true,"is_static":false,"selectable":true,"two_sided":false,"flip_normals":false,"cast_shadows":true,"receive_shadows":true,"ignore_lights":false,"depth_test":true,"depth_write":true,"alpha_test":false,"alpha_shadows":false},"extra":{},"children":[{"name":"head","uid":"@omar::head","layers":3,"node_type":"JOINT","flags":{"visible":true,"is_static":false,"selectable":true,"two_sided":false,"flip_normals":false,"cast_shadows":true,"receive_shadows":true,"ignore_lights":false,"depth_test":true,"depth_write":true,"alpha_test":false,"alpha_shadows":false},"extra":{},"children":[{"name":"jaw","uid":"@omar::jaw","layers":3,"node_type":"JOINT","flags":{"visible":true,"is_static":false,"selectable":true,"two_sided":false,"flip_normals":false,"cast_shadows":true,"receive_shadows":true,"ignore_lights":false,"depth_test":true,"depth_write":true,"alpha_test":false,"alpha_shadows":false},"extra":{},"components":[["Transform",{"uid":"@COMP--645a60-2c2d-1117d1d-4b","position":[0,-0.003000000026077032,0.0560000017285347],"rotation":[0.9150758385658264,0,0,0.4032817780971527],"scaling":[1,1.0000009536743164,1.0000011920928955],"matrix":[1,0,0,0,0,-0.6747282147407532,0.7380675673484802,0,0,-0.7380677461624146,-0.6747283339500427,0,0,-0.003000000026077032,0.0560000017285347,1]}]]},{"name":"eye.L","uid":"@omar::eye_L","layers":3,"node_type":"JOINT","flags":{"visible":true,"is_static":false,"selectable":true,"two_sided":false,"flip_normals":false,"cast_shadows":true,"receive_shadows":true,"ignore_lights":false,"depth_test":true,"depth_write":true,"alpha_test":false,"alpha_shadows":false},"extra":{},"components":[["Transform",{"uid":"@COMP--645a60-2c2e-1b80e19-4d","position":[0.028098689392209053,0.03141579031944275,0.12199205160140991],"rotation":[0.711715042591095,0.22405651211738586,0.1960005909204483,0.6362736225128174],"scaling":[1,1,1.0000001192092896],"matrix":[0.8227648735046387,0.56834876537323,-0.006129359360784292,0,0.06950876861810684,-0.08990906924009323,0.9935214519500732,0,0.5641157031059265,-0.8178607225418091,-0.11347925662994385,0,0.028098689392209053,0.03141579031944275,0.12199205160140991,1]}],["LookAt",{"enabled":true,"nodeTarget":"lookAtEyes","front":5,"up":3,"initial_rotation":[96.94520568847656,2.923550605773926,34.35299301147461],"lock_to_axis":1,"lim_horizontal":true,"limit_horizontal":[-25,25],"lim_vertical":true,"limit_vertical":[-10,21],"influence":0.8,"applyRotation":true,"uid":"@COMP--c87e81-ab667-17f43c5-180"}]]},{"name":"eye.R","uid":"@omar::eye_R","layers":3,"node_type":"JOINT","flags":{"visible":true,"is_static":false,"selectable":true,"two_sided":false,"flip_normals":false,"cast_shadows":true,"receive_shadows":true,"ignore_lights":false,"depth_test":true,"depth_write":true,"alpha_test":false,"alpha_shadows":false},"extra":{},"components":[["Transform",{"uid":"@COMP--645a60-2c2e-1da313d-4f","position":[-0.028097782284021378,0.031617291271686554,0.1219882071018219],"rotation":[0.5451341271400452,-0.4993410110473633,-0.4983886778354645,0.45287540555000305],"scaling":[1,1.0000001192092896,1.000000238418579],"matrix":[0.004534561187028885,-0.9958316087722778,-0.0910988301038742,0,-0.09299971163272858,-0.09112498909235,0.9914876222610474,0,-0.9956561326980591,0.003976135514676571,-0.09302534908056259,0,-0.028097782284021378,0.031617291271686554,0.1219882071018219,1]}],["LookAt",{"enabled":true,"nodeTarget":"lookAtEyes","front":5,"up":3,"initial_rotation":[-177.1947479248047,85.96367645263672,-84.24681091308594],"lock_to_axis":1,"lim_horizontal":true,"limit_horizontal":[-25,25],"lim_vertical":true,"limit_vertical":[-10,21],"influence":0.8,"applyRotation":true,"uid":"@COMP--c87e81-8b270-1245b60-108"}]]}],"components":[["Transform",{"uid":"@COMP--645a60-2c2d-1717c8d-49","position":[3.109499289166706e-7,0.10886351019144058,-0.00010461074998602271],"rotation":[0.11745821684598923,0.028884390369057655,0.0006534680724143982,0.992657482624054],"scaling":[1,1,1],"matrix":[0.9983305335044861,0.008082757703959942,-0.05719110369682312,0,0.005488078109920025,0.972406268119812,0.23322930932044983,0,0.05749812349677086,-0.2331538051366806,0.9707385301589966,0,3.109499289166706e-7,0.10886351019144058,-0.00010461074998602271,1]}],["LookAt",{"enabled":true,"nodeTarget":"lookAtHead","front":5,"up":3,"initial_rotation":[4.719839096069336,-1.8917411637175974e-8,-2.1899586144513705e-8],"lock_to_axis":1,"lim_horizontal":true,"limit_horizontal":[-30,30],"lim_vertical":true,"limit_vertical":[-20,20],"influence":0.7,"applyRotation":true,"uid":"@COMP--c87e81-e0b86-1707b08-2ec"}]]}],"components":[["Transform",{"uid":"@COMP--645a60-2c2d-10362cd-47","position":[-1.1009879260451966e-13,0.35950952768325806,2.4216973315560608e-8],"rotation":[-0.13443836569786072,-0.02661721780896187,-0.0011985786259174347,0.990563690662384],"scaling":[1,0.9999998211860657,0.9999998211860657],"matrix":[0.9985801577568054,0.0047822133637964725,0.05305436998605728,0,0.009531285613775253,0.9638496041297913,-0.26627567410469055,0,-0.0524098165333271,0.26640328764915466,0.9624355435371399,0,-1.1009879260451966e-13,0.35950952768325806,2.4216973315560608e-8,1]}],["LookAt",{"enabled":true,"nodeTarget":"lookAtNeck","front":5,"up":3,"initial_rotation":[-9.862129211425781,1.654958836638798e-8,1.48426835266946e-8],"lock_to_axis":1,"lim_horizontal":true,"limit_horizontal":[-20,20],"lim_vertical":true,"limit_vertical":[-10,10],"influence":0.722767585133031,"applyRotation":true,"uid":"@COMP--c87e81-1899bc-118700a-4df"}]]}],"components":[["Transform",{"uid":"@COMP--645a60-2c29-1c0dba5-25","position":[0,0.05922985076904297,2.98022992950564e-8],"rotation":[0.13033825159072876,-1.263082138880378e-10,-1.4724581276492898e-10,0.9914695620536804],"scaling":[1,1,0.9999999403953552],"matrix":[1,-3.249050750664395e-10,2.120779801773054e-10,0,2.590538894509109e-10,0.966023862361908,0.258452832698822,0,-2.888450034710388e-10,-0.25845280289649963,0.9660238027572632,0,0,0.05922985076904297,2.98022992950564e-8,1]}]]}],"components":[["Transform",{"uid":"@COMP--645a60-2c29-1d8abd4-23","position":[0,0.15134979784488678,0],"rotation":[0.00032085576094686985,-3.2981326003600486e-10,-3.844847773493143e-10,0.9999999403953552],"scaling":[1,1,1],"matrix":[1,-7.691811632071222e-10,6.593797730047868e-10,0,7.687578906789838e-10,0.9999998211860657,0.0006417114636860788,0,-6.598732116280814e-10,-0.0006417114636860788,0.9999998211860657,0,0,0.15134979784488678,0,1]}]]}],"components":[["Transform",{"uid":"@COMP--645a60-2c26-1db94bf-11","position":[2.3283099406801178e-11,-0.007675702217966318,0.9459481835365295],"rotation":[0.6508376002311707,0,5.065620145572325e-10,0.7592169642448425],"scaling":[1,1,1],"matrix":[1,7.691809411625172e-10,6.593792178932745e-10,0,-7.691809411625172e-10,0.15282084047794342,0.9882538914680481,0,6.593792178932745e-10,-0.9882538914680481,0.15282084047794342,0,2.3283099406801178e-11,-0.007675702217966318,0.9459481835365295,1]}]]}],"components":[["Transform",{"uid":"@COMP--645a60-2c25-1edc0e1-f","position":[0,0,0],"rotation":[0,0,0,1],"scaling":[1,1,1],"matrix":[1,0,0,0,0,1,0,0,0,0,1,0,0,0,0,1]}]]},{"name":"omarHead","uid":"@omar::omarHead","layers":3,"node_type":"NODE","material":"gerard/materials/omarSkin.json","flags":{"visible":true,"is_static":false,"selectable":true,"two_sided":false,"flip_normals":false,"cast_shadows":true,"receive_shadows":true,"ignore_lights":false,"depth_test":true,"depth_write":true,"alpha_test":false,"alpha_shadows":false},"extra":{},"components":[["Transform",{"uid":"@COMP--645a60-2c2e-1f2caa3-51","position":[0,0,0],"rotation":[0,0,0,1],"scaling":[1,1,1],"matrix":[1,0,0,0,0,1,0,0,0,0,1,0,0,0,0,1]}],["MeshRenderer",{"enabled":true,"mesh":"omar___omar_omarHead_skin","submaterials":[],"point_size":0.1,"textured_points":false,"uid":"@COMP--b07263-a7669-112a0a5-6d"}],["SkinDeformer",{"enabled":true,"search_bones_in_parent":false,"skeleton_root_node":null,"cpu_skinning":false,"ignore_transform":true,"uid":"@COMP--645a60-2c2f-1b0c50f-53"}],["MorphDeformer",{"enabled":true,"morph_targets":[{"mesh":"omar___omarHead_mesh_morph_smile","weight":0.283749951636995},{"mesh":"omar___omarHead_mesh_morph_sad","weight":0.03163269185468618},{"mesh":"omar___omarHead_mesh_morph_lipsClosed","weight":0.15472512320226936},{"mesh":"omar___omarHead_mesh_morph_kiss","weight":0},{"mesh":"omar___omarHead_mesh_morph_mouthAir","weight":0},{"mesh":"omar___omarHead_mesh_morph_eyebrowDown","weight":0.08405581626384226},{"mesh":"omar___omarHead_mesh_morph_eyebrowUp","weight":0.041461292644779796},{"mesh":"omar___omarHead_mesh_morph_eyebrowInnerUp","weight":0.1184105983101718},{"mesh":"omar___omarHead_mesh_morph_eyelids","weight":0.028766729217311833}],"uid":"@COMP--645a60-2c2f-1d670a9-54"}]]},{"name":"omarBody","uid":"@omar::omarBody","layers":3,"node_type":"NODE","material":"gerard/materials/omarSkin.json","flags":{"visible":true,"is_static":false,"selectable":true,"two_sided":false,"flip_normals":false,"cast_shadows":true,"receive_shadows":true,"ignore_lights":false,"depth_test":true,"depth_write":true,"alpha_test":false,"alpha_shadows":false},"extra":{},"components":[["Transform",{"uid":"@COMP--645a60-2c30-14133e6-56","position":[0,0,0],"rotation":[0,0,0,1],"scaling":[1,1,1],"matrix":[1,0,0,0,0,1,0,0,0,0,1,0,0,0,0,1]}],["MeshRenderer",{"enabled":true,"mesh":"omar___omar_omarBody_skin","submaterials":[],"point_size":0.1,"textured_points":false,"uid":"@COMP--b07263-a766b-139f2bb-73"}],["SkinDeformer",{"enabled":true,"search_bones_in_parent":false,"skeleton_root_node":null,"cpu_skinning":false,"ignore_transform":true,"uid":"@COMP--645a60-2c30-1deae71-58"}]]},{"name":"omarShoes","uid":"@omar::omarShoes","layers":3,"node_type":"NODE","material":"gerard/materials/shoes.json","flags":{"visible":true,"is_static":false,"selectable":true,"two_sided":false,"flip_normals":false,"cast_shadows":true,"receive_shadows":true,"ignore_lights":false,"depth_test":true,"depth_write":true,"alpha_test":false,"alpha_shadows":false},"extra":{},"components":[["Transform",{"uid":"@COMP--645a60-2c30-171b659-5a","position":[0,0,0],"rotation":[0,0,0,1],"scaling":[1,1,1],"matrix":[1,0,0,0,0,1,0,0,0,0,1,0,0,0,0,1]}],["MeshRenderer",{"enabled":true,"mesh":"omar___omar_omarShoes_skin","submaterials":[],"point_size":0.1,"textured_points":false,"uid":"@COMP--b07263-a766b-101822a-78"}],["SkinDeformer",{"enabled":true,"search_bones_in_parent":false,"skeleton_root_node":null,"cpu_skinning":false,"ignore_transform":true,"uid":"@COMP--645a60-2c30-1ede4e3-5c"}]]},{"name":"omarJacket","uid":"@omar::omarJacket","layers":3,"node_type":"NODE","material":"gerard/materials/jacket.json","flags":{"visible":true,"is_static":false,"selectable":true,"two_sided":false,"flip_normals":false,"cast_shadows":true,"receive_shadows":true,"ignore_lights":false,"depth_test":t